1 14.13472514173469379045725198356247027078425711569924
2 21.02203963877155499262847959389690277733434052490278
3 25.010857580145688763213790992562821818659549672558
4 30.42487612585951321031189753058409132018156002371544
5 32.93506158773918969066236896407490348881271560351704
6 37.58617815882567125721776348070533282140559735083079
7 40.91871901214749518739812691463325439572616596277728
8 43.32707328091499951949612216540680578264566837183687
9 48.00515088116715972794247274942751604168684400114443
10 49.77383247767230218191678467856372405772317829967666
11 52.97032147771446064414729660888099006382501788882122
12 56.44624769706339480436775947670612755278226447171663
13 59.34704400260235307965364867499221903109877280646667
14 60.83177852460980984425990182452400380291009045121918
15 65.11254404808160666087505425318370502934814929516672
16 67.07981052949417371447882889652221677010714495174556
17 69.54640171117397925292685752655473844301247420960251
18 72.0671576744819075825221079698261683904809066214567
19 75.7046906990839331683269167620303459228119035306974
20 77.14484006887480537268266485630463701579603244923446
21 79.33737502024936792276359287711622819061324674312003
22 82.91038085408603018316483749477060949750888059378215
23 84.73549298051705010573531120682774141710662793424082
24 87.42527461312522940653166785091921325217188640126903
25 88.80911120763446542368234807950937839544489340981868
26 92.49189927055848429625972524181068487872179402773065
27 94.65134404051988696659792581520815393772802701565485
28 95.870634228245309758741029219246781695256461224988
29 98.8311942181936922333244201386223278206580390634282
30 101.3178510057313912287854479402923089063328663843009
31 103.7255380404783394163984081086952808344811730694958
32 105.4466230523260944936708324141118089972827539285351
33 107.1686111842764075151233519630861912134767078814048
34 111.0295355431696745246564503099443504153459683900731
35 111.8746591769926370856120787167705949603117498733859
36 114.3202209154527127658909372761910798099176577238299
37 116.2266803208575543821608043120647551273298512323832
38 118.7907828659762173229791397026998243473062105928094
39 121.3701250024206459189455329704999227230013106317287
40 122.9468292935525882008174603307700164962143898738635
41 124.2568185543457671847320079661299244415735387746936
42 127.516683879596495124279323766906076268088309881555
43 129.5787041999560509857680339061799736086409532646594
44 131.087688530932656723566372461501349059203547502975
45 133.4977372029975864501304920426406076649741749439047
46 134.7565097533738713313260641571697361783960686136472
47 138.1160420545334432001915551902824478598352746241462
48 139.7362089521213889504500465233824608467900525653826
49 141.1237074040211237619403538184753550903006608797476
50 143.1118458076206327394051238689139299662331024303546
51 146.0009824867655185474025075964246824289757412330958
52 147.4227653425596020495211850104315061687727752504768
53 150.0535204207848803514324672369593706230373215595282
54 150.9252576122414667618525246783056276024267704729967
55 153.0246938111988961982565442551854465085904349041455
56 156.1129092942378675697501893101691947465353085009429
57 157.5975918175940598875305031584987657307238995191417
58 158.849988171420498724174994775540271414335083049427
59 161.1889641375960275194373441293695543649157903274755
60 163.0307096871819872433110390006879948969644614164777
61 165.5370691879004188300389193548747973283672517450686
62 167.1844399781745134409577562462103787364607692426168
63 169.0945154155688214895058711814318347966676485804416
64 169.9119764794116989666998435958217922883944371253414
65 173.4115365195915529598461186493455952541560660634201
66 174.7541915233657258133787624558669179387557176205717
67 176.4414342977104188888926410578609335281184971088097
68 178.3774077760999772858309354141844261831323614612725
69 179.9164840202569961393400366120512374536876075530184
70 182.2070784843664619154070372269877986907974577782399
71 184.8744678483875088009606466172342584133510229119507
72 185.5987836777074714665277042683926466129347176495133
73 187.2289225835018519916415405861312430168107346039903
74 189.4161586560169370848522890998453244913571030231934
75 192.0266563607137865472836314255834301058399202979771
76 193.0797266038457040474022057943760546040206158105489
77 195.2653966795292353214631878148622509269050524522869
78 196.8764818409583169486222639146962077357460286919422
79 198.015309676251912424919918702208867155062695438571
80 201.2647519437037887330161334275481732224028636391867
81 202.4935945141405342776866606378643158210202448994201
82 204.1896718031045543307164383863136851365345292287419
83 205.3946972021632860252123793906930909237229147720484
84 207.906258887806209861501967907753644268659403768884
85 209.5765097168562598528356442898867521753907831813262
86 211.6908625953653075639074867307192942533940309829356
87 213.3479193597126661906391220210726088218971832766331
88 214.5470447834914232229442010725906910455998880530831
89 216.1695385082637002658695633544981285754537142741641
90 219.0675963490213789856772565904372412451491829270114
91 220.714918839314003369115592633906339656761145077662
92 221.4307055546933387320974751192760779502223310773199
93 224.0070002546043352117288755285048953560859899495955
94 224.9833246695822875037825236805286567720900544855874
95 227.4214442796792913104614361606596399639691483219766
96 229.3374133055253481077600833060557400827523413878185
97 231.2501887004991647738061867700103726067084958431234
98 231.9872352531802486037716685391978622054198339945625
99 233.6934041789083006407044947325697881795372277545658
100 236.5242296658162058024755079556629786895294952121891
101 237.7698204809252040032366259263871077941606193521161
102 239.5554775733276287402689320343344924817083183267062
103 241.0491577962165864128379214103356705496456828447221
104 242.8232719342226000168264744588785499539405437676149
105 244.0708984970781582368165279898445013471001907167703
106 247.1369900748974994675509681792081322678646420096272
107 248.1019900601484592567621420846569973558103812584433
108 249.5736896447072091923297941887399703426111306826707
109 251.0149477950160011429541551037080481523267828315366
110 253.069986747999477194599013785618090930087150249645
111 255.3062564549140227530864917940014231579100328149634
112 256.3807136944344777893583823397295308712166523900327
113 258.6104394915313682089830586447591316321944062849901
114 259.8744069896780003506728446138765926661984814645702
115 260.8050845045968701859312334724645480349389538724255
116 263.5738939048701322330815881310233031703142194369939
117 265.5578518388763202924773089641849146410049861524848
118 266.6149737815010724957201129738679118066359571871701
119 267.9219150828240594403789671721856183742925681432827
120 269.9704490239976025946935053188984796629269052880563
121 271.4940556416449990181794167575228506935435195629905
122 273.4596091884032870457142502988017729228400996770935
123 275.5874926493438412487407026193777848264475285972284
124 276.4520495031329386798873436383992419480799666809989
125 278.2507435298419544927482767113162589261179006558867
126 279.2292509277451892284098804519553592834926374055613
127 282.4651147650520962330272011865010242055068362803458
128 283.2111857332338674204938379433289382984556848789586
129 284.8359639809047241331576339226962164631428279283119
130 286.6674453630028842928476241464149393438682262827778
131 287.9119205014221871552541202718675103854614194405707
132 289.5798549292188341527380235693523438896694983629426
133 291.8462913290673958355130544246385118828206355999821
134 293.558434139356285356776697106035077343798834356471
135 294.9653696192655421750664486390096713430554458825506
136 295.5732548789582923884608314587786106372851571106302
137 297.9792770619434152099296829576828341810570971897989
138 299.840326053721312960027052525293769254215570064343
139 301.6493254621941836234701002084179820811056100935233
140 302.6967495896069170517514770953529227629358204116815
141 304.8643713408572977001487499031444995925869458382419
142 305.7289126020368092892228212616609672569631595790824
143 307.2194961281700547894100333999345022674338482784228
144 310.1094631467018988047862197679989458347630131815329
145 311.1651415303560032709426708003548198991888049397039
146 312.4278011806008919804859830928742637628539400931529
147 313.9852857311589229790489657545763285680249815751542
148 315.4756160894757338685960781439537653357746976309896
149 317.734805942370180395645494204968114015242740585148
150 318.8531042563165979066891845477491822030131024108854
151 321.1601343091135782919214714174306940297526627982923
152 322.1445586724829322988374450059885492603719802086145
153 323.4669695575120505062120304147951633567630871776946
154 324.8628660517396132649800869954004099198045210515332
155 327.443901261905457343469263816320703356694348255732
156 329.0330716804809340336147275768039462036928256044214
157 329.953239728233866343892122188631466058323921638949
158 331.4744675826634243756617538663448279232176003135119
159 333.6453785248698505849616830808794253808678264358918
160 334.2113548332443832324034079591924931541872770220014
161 336.8418504283906847946547629194118860072083685606284
162 338.3399928508066118862573260871632033909176435633471
163 339.8582167253635401923265509308739971831970442497695
164 341.0422611110465604825977845985369171873376474707372
165 342.0548775103635854514038250940980567151869306653955
166 344.6617029402523370441811880981991857827152424028149
167 346.3478705660099473959364598161519338981967354434629
168 347.2726775844204844757970948880699796760809284568556
169 349.3162608706961441231555557339937213360889055622389
170 350.408419349192099187671953234487234469645873664331
171 351.8786490253592804367133930765969327299303196695854
172 353.4889004887188067836037686094353184133432651298926
173 356.0175749772649473179603619607664426757144455471939
174 357.1513022520396248096029282322903566117570811851179
175 357.9526851016322737551289189827774428234663847141383
176 359.7437549531144487992919859769902954053737457612974
177 361.2893616958046503902913112277152281908759416379958
178 363.3313305789738347473344495666147312700352457587547
179 364.73602411408899371626210212694040001720230030569
180 366.2127102883313168610771451968065741791093753798606
181 367.9935754817403033261832980442078463990248820185165
182 368.968438095734389891576901299891910638194413780711
183 370.0509192121060003396511630612666114224665939337687
184 373.0619283721128384491193964312853919029417727423128
185 373.8648739109085697447563627336594609496785079222636
186 375.8259127667393341079077141466930257529296666743552
187 376.3240922306680521171908196124275796129620266849761
188 378.4366802499654797240909659132035205563165309387578
189 379.8729753465323466510240596904462715681091569680419
190 381.4844686171865249196625224236573953657991983850426
191 383.443529449536487704345755480722536904199311056509
192 384.9561168148636871037515842087935133902709291501235
193 385.8613008459742291805619593598032576156118065610183
194 387.2228902223879809759485147381098140909640392967068
195 388.8461283542322546008094203003735580573554058579382
196 391.4560835636380457705782281225541347722258701140723
197 392.2450833395190967490151841709928805623621884451367
198 393.4277438444340259366989529201288699204929289203455
199 395.5828700109937209708777113231416421360702439103568
200 396.3818542225921869319994544917305290637615996881021
201 397.9187362096142433869811797107986838044834012911821
202 399.9851198761948995059172998682896457706389099613931
203 401.8392286005332165399113043782872307264004003932595
204 402.8619177638861141763154430960396346968940414771052
205 404.2364418002080047402277995635276901961405867520481
206 405.1343874599099272574862680254167361627560584770203
207 407.5814603868961820763090011813905376405061449745097
208 408.9472455023511125196340397641579017956228917491911
209 410.5138691933666386467691052848671877896927072982704
210 411.9722678042787506646402985072729174075391250852943
211 413.2627360701850468862570593177290908706485585111709
212 415.0188097551551156463192114628172215098815107035937
213 415.455214996294598857128782486669824931693017207954
214 418.3877057895347792260457230995547988241724091779247
215 419.8613648181523236878523091383828173933301690160616
216 420.6438276250417862679746529850004807024575190217891
217 422.0767100588267596298406654493813752742459181757779
218 423.7165796274818186105628747317660741892627935203699
219 425.0698824944613476143746926491564313421041573038894
220 427.2088250840745805281429338857115983851914938064005
221 428.127914076616682110305068486318159309260938775706
222 430.3287454309386366699269815418548626841535052931513
223 431.3013069307035920195051219275556810535188269161207
224 432.1386417345885683062532491089527169051394883350037
225 433.8892184809272253029466110507929024488762246241607
226 436.1610064326469840718015182623780379898712511634091
227 437.5816981676685811540131672333254594987901417883275
228 438.621738656272196290915010137170395629783098112332
229 439.9184422143706564102217900270240392808328161895293
230 441.6831992011890238742044364991679930714193236470244
231 442.9045463026094494697231024127662020660871362661315
232 444.3193362775591559203057435397906209455873176446523
233 446.8606226964295225288608751807467431376816488206462
234 447.4417041944932900655269253036091597304806963688752
235 449.1485456850233047530235031347046500033357456480593
236 450.1269457803135240300457625287817055143907653968446
237 451.4033084453887954621132246313588112042099737478605
238 453.9867378066779160383668102940048583722412109712299
239 454.9746837686167888753094389512709459269949012972986
240 456.328426689246051224499830063055483498457485318166
241 457.9038930641029715746993291717876450448952123069538
242 459.5134152811060117540099438020414053836133088527316
243 460.087944422175841255330255428206546245523553777869
244 462.0653672748825309638309211456184620432278175540016
245 464.0572869105482845762460847836666759158326832884073
246 465.6715392113710945529666457439955288514947620585416
247 466.5702869308262551673921259522644120910202841789388
248 467.4390462102616388566450013844468423201725247116421
249 469.5360045591120321918190688291231656780034355662592
250 470.7736554781016476901188794544363535409288505091006
251 472.7991746619088166582979926817700031969730597548114
252 473.8352323451396870738054680233830436906615988550267
253 475.600339369375785605428819923679925062405518812258
254 476.7690152374845208528486891954683119208876147843389
255 478.0752637666709691998727274049095143198804288048792
256 478.9421815346348265383171017670384840219042431096019
257 481.8303393762865613666813762850975980902030039193407
258 482.8347827909823973065569966763216464686967441687771
259 483.8514272124825375601882210846681276888895869665367
260 485.5391481293560069300254236580821172608064717497632
261 486.5287182616512443523675262699414994362279235223054
262 488.3805670900174485271114306648119221917671884604174
263 489.6617615779561315127809041749771049741692726839195
264 491.3988215936630065692133310085391280176338475247299
265 493.3144415817853009363606040432270822346867591725734
266 493.9579978053694649095830912868851519854124679883775
267 495.3588288221312774968341327371705982626412473979767
268 496.4296962157591034839189128160730204362200110113463
269 498.5807824296865420166750829124879051615614763330538
270 500.3090849416904955393093907251714464727048703696478
271 501.6044469651454776633325457628511745334193865509914
272 502.2762703271182331753995073338853425486517078388516
273 504.499773313427737183791262228361389155148817066919
274 505.4152317422444420295521661092828553381144965130467
275 506.4641527095235312215260747806452307392696266923315
276 508.8007003364678208094696725081919993377055879971635
277 510.2642279436728344207795176547349251301712579292976
278 511.5622897003745954604549044865991255703126837090133
279 512.6231445314074186671012549434810340696111316815442
280 513.668985555473683436244146417926108827951893210124
281 515.435057167299377249676893672957310708188070759439
282 517.5896685724674253413579652869405488327920580070468
283 518.2342231475501435738582743734798206690624362874126
284 520.1063104117232559031961461342618580756224417242936
285 521.5251934494920409677323981631941412037869991380407
286 522.4566961777302104301444133225125081375879779338788
287 523.9605308920158404870075094809721025339642372281127
288 525.0773856872796221805912176301380448888493474841638
289 527.9036416012723452296172680711541204258584454830887
290 528.4062138522926589416088966473836426626831574106993
291 529.8062263187069007981639833015648293570416892424158
292 530.8669178839610896443874345148560701761107642405437
293 532.6881830282937305051264455691435684763102859886714
294 533.7796307537687325654825460231354727219181193602597
295 535.6643140758732246170461231822747146814444989450628
296 537.0697590831223275883897377535822680387266363867807
297 538.4285261762479628435009552397815667706387013592611
298 540.2131663762281333836456689899633509530240351819
299 540.6313902472951173601280775991759340270480484546509
300 541.8474371212012815471191135089067366934151217531363
301 544.3238901010052629031213087557608362045030422788812
302 545.6368332489348182548554397944220515668303321352027
303 547.0109120581222924636558817931250716642595039148347
304 547.9316133644893383104511594261455575254387856862583
305 549.4975675626613784599847338797735699636243165581984
306 550.9700100394838890456572340569938864736303083838977
307 552.0495722005648927925767025455695696804273669079462
308 553.7649721191588146171497825920935557112036942525995
309 555.7920205616825084165732214853551893266975692007843
310 556.8994764068553512619642186561463744726163206157199
311 557.5646591720585284085239898743312777888183550324381
312 559.3162370286821637609351422402057889715675462279735
313 560.2408074972956682417932763588605198265861769182696
314 562.5592076160458511081379166953245362396410219587845
315 564.1608791107861178138795335004065286639356707397359
316 564.5060559381498351222459689389768405769101460905026
317 566.6987876828079562415122806672407263184360841829383
318 567.7317579011769374503347304935750646417994098954364
319 568.9239551796293684967534874168661517305692672058451
320 570.0511147824635920385270166013278688405116228028524
321 572.4199841324527640452769271073468621494904472556765
322 573.614610526758129987246032109643300937226895595346
323 575.0938860144948856074571722821982078525842416128132
324 575.8072471409287807094293328944304438530370211159637
325 577.0390034720982112166370896877391892967593675792453
326 579.0988346720366074312843643289211001480335260569362
327 580.1369593623846286727162763480332000091685124531054
328 581.9465762659016255515061145447239567325105631265864
329 583.2360882191672782619605736494856620973896260695755
330 584.5617059034655283669458933934544668492262988745067
331 585.9845632049883005741872589855889908382940603005188
332 586.7427718912501556447718450873452208747120650651239
333 588.1396632662479564175542352704907852914657791841458
334 590.660397516765275631032003310274274860778016912222
335 591.7258580650480566492224464727405581310046200372775
336 592.5713583002255698207727161203164743040651228125424
337 593.9747146822310292438051745093816262202033130469288
338 595.7281536973889491770209207328678044226635443999573
339 596.3627683283936840895790970704623562038409026126623
340 598.4930773461647544010635829361100508373840350793091
341 599.5456403643648539975153951444454102922072079692266
342 601.6021367359326360517381075959685084746646526170391
343 602.5791678863873542988227245428378184579544330231906
344 603.6256189035791606722439668574515542055260068273589
345 604.6162184937532329146396027886492375358110927557542
346 606.3834604221090410886743112398837452138691477048369
347 608.413217311187325175126723757179671243190252727968
348 609.3895751547200805273238795478987678479711335164054
349 610.8391629377394069267025377677788327119041980908962
350 611.7742096208872046351683619726569669044785302977715
351 613.5997786756371194051864561859143033969164209055279
352 614.6462378722326215255530839876192350523025682612368
353 615.5385633694070278534742658956994743899713473545246
354 618.1128313664423733825402270245809263632634162053511
355 619.1844825979536342490281464243118123940438476569261
356 620.2728936722275219190855725947928964013973689586422
357 621.7092945279486229572986330608483718565110277500936
358 622.3750027397790092178815437791235226710345925267443
359 624.2699000181778808347729470387499738705369717175612
360 626.0192834276543821983362174058955599554267547236844
361 627.268396850783020751997645596383297569499787734263
362 628.3258623594603619359438156651215358396159383165381
363 630.4738874382920458706065867763485498501039882690803
364 630.8057809271975326418717252481468868339872966895143
365 632.2251411671159519521547059296104684572850875387904
366 633.5468582522517774841971334587824592878743176371904
367 635.5238003106054538105255817511178906057917934070972
368 637.3971931598373071737480742879294782583276665776969
369 637.9255139808225810934288397165238950757165376988886
370 638.9279382668567701937726909213718621920993383850806
371 640.6947946688256676231875384986977952089734686153182
372 641.9454996657052945453785385532174111105338042769502
373 643.2788837813978893611433628033571052195160797961009
374 644.990578229748002512443712324699258625938808211829
375 646.3481915955015920338809416216623765380938628622691
376 647.7617530042888837937668089522488501120481233185342
377 648.7864008887824407710801337694745983596301837538751
378 650.197519345256459083253897592356323525959366788735
379 650.6686838913959825305606330546754916218259933615201
380 653.6495716053946919020868649594493271571138917368655
381 654.3019205863193422754706163229817421251126323183434
382 655.7094630223556363160267427503958042888772079409505
383 656.9640845994606174228698965857639277925683384798933
384 658.1756144186053997448798079092766458149471303611056
385 659.6638459729641078311651821460236355644041256150454
386 660.7167325952792700521588812518146850471600825277063
387 662.2965864311004106443782663918056390286198083601637
388 664.2446046522730134498902572614377278701879703954689
389 665.3427630955990405427881697925160182302373986082085
390 666.5151477041729605487750958192320428225976913154308
391 667.1484948945554299410692132745327359495003733906044
392 668.9758488202351314061922796622634288949080284765873
393 670.3235852058625840344295533172217584499111449513649
394 672.4581835841697341813650863351780057639051060231949
395 673.0435782861476457701310406513206000102613976045719
396 674.3558978101231678961563201060879009985466540591549
397 676.1396743636267482031781357143434305252539590508112
398 677.2301806687639732478547995696129323010906177581551
399 677.8004447462213349189387573932694714798229476847348
400 679.7421978825282177195259389112699953456135514159007
401 681.8949915331518891094524110813676572785628747535677
402 682.6027350197505454875408366448711890959347581415633
403 684.0135498138695052361941279587945196166636740231346
404 684.9726298620984525457366617383444132491921417468785
405 686.1632235877279496034730067113885153934335592524256
406 687.9615431847036484827963374896850355277617992654952
407 689.3689413622723684232551928251725509009178325292804
408 690.4747350323503976939430894539029717296733470969352
409 692.451684415520848849846652365059281430262570105374
410 693.1769700606018248456230975080931819507129861193398
411 694.5339086998731400156307045419322244287006641721658
412 695.7263359209267301678014282277293398930253552703568
413 696.6260699003456149709028185195611050569366108662285
414 699.1320954760135067108161695879511643127669861970225
415 700.2967391321434945680121498441102318192168349885565
416 701.3017429546461556851739140394757438996196373505236
417 702.2273431457605001194353198103374079756447995208795
418 704.0338392955253093226530722958260039567271041044114
419 705.1258139546192276668674794394391429219986615548362
420 706.184654799517919025810985016001087272113217193305
421 708.2690708851098999952690286396296491089709362699467
422 709.2295885702843007090346933035619523511751686726001
423 711.1302741796854315654748563903775977821925981610436
424 711.9002899143753120389150790532116044380003781649476
425 712.7493834701012902546105743672214999289924623663908
426 714.0827718206693930769245271659682672645407211597257
427 716.1123964540521101481820264759308803733066291079199
428 717.4825697031001907144418975793226977666341639703241
429 718.7427865454858939884491826849093718650484968044906
430 719.6971009883656651326909608975887306013403354144389
431 721.3511622185364171283861586963583429951943719888733
432 722.2775049756742373403761436601858125358697720616377
433 723.8458210451284155116719224036801895288105671661969
434 724.5626138903790795922462167714048513283601101229965
435 727.056403230049381617648405277890854769943182208741
436 728.4054815889340600347443552329310256047873916111261
437 728.7587497956142685661306322733904860822472201406424
438 730.4164821227564347099440393543578466815454819675622
439 731.4173549185985250807493569602953020102425405372448
440 732.8180527144998492085675268877710173064980865827465
441 734.7896432523779942523125100034045480269960853222496
442 735.7654592085783210769321888052322980023932745688145
443 737.0529289122653080423105408769888194233587336940964
444 738.5804211713738225217054480917100442744900401008867
445 739.9095236740419440297009593878332515204296151062362
446 740.5738074472950105150359715971530713246649854054612
447 741.757335572941673275861162002791708178678890038098
448 743.8950131424736593815501491978661352871504090996735
449 745.3449895506118743256405484835926302084400558341799
450 746.4993058994323295096050066186273798779676199763698
451 747.6745636242695283595693678729526649630433100168266
452 748.2427544650845478685032946989341215482362441674043
453 750.6559503621242998668074383702946266550683870062652
454 750.9663810666508372684584196954287854227862412909191
455 752.8876215672023747495077050031265589404171068961751
456 754.3223704717126726851030862505928143318041481116134
457 755.8393089760378298727924403700043879568033383942254
458 756.7682484399509307201332102347440342886600511991153
459 758.1017292464125834114897682910439904201685579659423
460 758.9002382248923747674353929054097564823612180336252
461 760.2823669835120645318696008621036996769860327153877
462 762.7000332496910547280689999085766531655086463149879
463 763.5930661728372229969732471726643525444176077985912
464 764.3075227241802217362512258255529837254657080708051
465 766.087540099836205394422464826921125350399747198063
466 767.2184721555395140824994101624042648771724861213858
467 768.2814618065092308234566650262148983278438040563601
468 769.6934072526244243250066549104190546809066595209522
469 771.070839313678316321187221916119289249485238472422
470 772.9616175657570243378291659452684096708419036485672
471 774.1177446279405074021419093965571889946487430569237
472 775.0478470965805080500169929692055606518162999991491
473 775.9997119631714424777315826030311980589672465659667
474 777.299748529592564816510977062874990434067830234847
475 779.1570769491890040639245377421199240695199532843847
476 780.3489250041816705381277835507949869521751802878064
477 782.137664390812094754317687327786565175133493714727
478 782.5979439460735398661665057440929308298973777486839
479 784.2888226124655014631460996657758202878745554382808
480 785.739089700715051840646187769078694301841650736482
481 786.4611474505062774598967874968784726833296965893366
482 787.4684638159100383814734996230300369640051173600739
483 790.0590923641195642949460032546819337543902570914035
484 790.8316204679210350190829313947982637224527779057021
485 792.4277076086045268663910701891214127956080021575341
486 792.8886525626225880422427532063530827860524952191538
487 794.4837918698931644813183752774461914190553029493127
488 795.6065961561624126279125580477651131218225783150964
489 797.2634700380355849161917045774173894746732756319514
490 798.7075701662962113096919534217282742101517705501197
491 799.6543362108976327728268906635375367826388158572041
492 801.6042464629820559666766161424372984839938314263873
493 802.541984878418149662417141058968086126330671576712
494 803.2430962042701941902262290538203014260725522931696
495 804.7622391126617639515957839630378364378895441534575
496 805.8616356670948028368031915427265304326892551615302
497 808.151814935993747392355858580942347196247575887665
498 809.1977833633007103877196047950183957500845467501961
499 810.0818048864070998915247299014713895479007917657797
500 811.184358846506260337884327464880022077034539630994
501 812.7711083891093427198012886623248440905464632053855
502 814.0459136075109935019676007807201737932994001373455
503 814.8705396258725677840196869567854134266570546908545
504 816.7277377143947163165025748377240914351567832033862
505 818.380668866361676511586775026305348108718080641532
506 819.2046421708238626058240388463376495499276190726536
507 820.7218984438692874664310218234591910171127839383699
508 821.7134541333794018098760344649677261230396404995103
509 822.1977574934042771435818555860501844193151340092368
510 824.5262938716297481637664849284594397265791929417638
511 826.0392873765743835480141635332204202663631849653563
512 826.905810954080771979664450913494137992093846321576
513 828.3401743004899003705042150759218369303215603014213
514 829.4370109683093336230475914923186095013042142230169
515 830.8958840533174007300786176111416203111348662694134
516 831.7997776590705830743246083728402449437421628952982
517 833.0036409091541995383112542079931934210971439029637
518 834.6519151478255758073453398760137774166090579772743
519 836.6935761875918671688703407591464620759362869428054
520 837.3473350595315147674864163157214714454593880328751
521 838.2490219927321458365470959116261341279400322685466
522 839.4653948102824755503103022001162898350837153825542
523 841.0363898290134237244114847180076692465639739923366
524 842.0413542065263713333676992002025190964454882490571
525 844.1661966073507688213461011256678093742903188711278
526 844.8059939757637268812847766496365778052441001648556
527 846.194769927693997763662518539976612827850904861612
528 847.9717176395120066363275847853761590192923395028056
529 848.4892811809435238248867303347245780488052737128598
530 849.8622743486978262643447147077563722259528472505921
531 850.6454484660040923782420481876587276522636897959237
532 853.1631125833891553258394720712667528806346562613715
533 854.0955117198690586200182216321021631242995180507803
534 855.2867102444049363482284375706015072465580008806031
535 856.4841174907916628540349249015969131399465566321969
536 857.3107406026038260329642299559945671772110931825239
537 858.9040264664756944128295737207587936244271334498454
538 860.4106708960146707515941401463273468470934477217645
539 861.1710982127153376059751104011421512195156410432512
540 863.1897197719089342361101300657386633080512598600206
541 864.3408239300695408556874997652442471611619690420312
542 865.5946643265159653951068770753935384874536044249049
543 866.4237399040426414629795886579517650052719903959202
544 867.6931226117850062387685271073210703885678009706323
545 868.670494229131596667838274574577183026949761570653
546 870.8469023257540162057952754540789157638655976085711
547 872.188750821613207755873228081632463356458186544398
548 873.0989789712819814983254029572893901801390410298518
549 873.9083892353375304396299857718943933161086000759686
550 875.9852851087803223743924411967406922859929796094325
551 876.6008258330274423972431300190737114360317770541502
552 877.65469834103347514402209313832403810395338776319
553 879.3809519697909824564618000720346278168760944108494
554 880.8346488479393902830322872519732530695568089521277
555 882.3866966271964612523846504327688117775366709349507
556 883.4303318387016456845683374364288626173826123182998
557 884.198743114594726960384279154274872221260343572584
558 885.2723044796171270511980861006008665409925408110188
559 886.8528019629162983720333299469746123885473952995282
560 888.475566673817194773726388748862638058610349164928
561 889.7352942940907370974121881431157148725867228244694
562 890.8131321125280636861959243066803894002386460637414
563 892.3864332601558693417409992792235681839554047498687
564 893.1191175672942583361755429374495252873343301837924
565 894.8862923208687161421929036033816748995080676819454
566 895.3979196747829650553968593945628156396640311580807
567 896.6322515562027200335265867207904134895295273985999
568 899.2215226683834193900956439398532345143207881155826
569 899.8588846079374834442658553117030595878956986082293
570 900.8497398605213961178246412465387726875456358067148
571 902.2432075867522884616404478423805440652644227966544
572 903.0996744426304549466650463807456442755794392585423
573 904.7029027222813207743240914257169752769457918122216
574 905.829940758222209404839410730313771651741874989803
575 907.6567294689675253115567135084725753774978258341666
576 908.3335436450609252807081966751943145178942107591052
577 910.1863340571798425653525516788078794869349987065709
578 911.2349514859555040925975012865871766379490851182074
579 912.3310456000355872488071671715155122171624861704439
580 912.8239992467433953779922166587374992654825177314681
581 914.7300969583756133383752392136998741270829336565301
582 916.3550008086427658914208429479995258863859185225977
583 917.8253775704267830264839643340486824888331467838734
584 918.836535243529029571248982618952909297980833511256
585 919.4483444396823047817651293523179299286869492496644
586 921.1563955071548533673994052190259608785960454926798
587 922.500629306636770266245329087773397481449104291902
588 923.2857198024222426739431025529606266590197990012562
589 924.7734839334766644162464557648302948883890652681849
590 926.5515527846030289415923750543765637830871430819425
591 927.8508589857535941478709615880757512237395828476353
592 928.6636593289348922887562903579446333273634384656967
593 929.8740928506477547771060674981577239400887429959112
594 931.009211336628072954276166765451377384028144840024
595 931.8527407455200799216863423509979293218521680037095
596 934.3853068372584647544145411925794963447366515076739
597 934.9954248638464596176097376451676054273565520821631
598 936.2286493792829272137186639137728638061565562076801
599 937.5329257119703812729162338855826886965801223180209
600 939.0243008992183821842184187091795610691785890939879
601 939.6609406145281659856007544747411487930736779791157
602 941.1569996420423726077709969436868077800796685685314
603 942.0523416433754978743899456349823170885885910503176
604 944.1880358095727445119785016151035701613033849918156
605 945.3335625030459461415422389209964525265306232749884
606 946.7658422047278511567321672182413770305717785754712
607 947.0791830962548779651194745430296382638134322958708
608 948.3466462550449671666050859938359835910613261927851
609 950.1516126846438408647468103508454455650256213784324
610 951.0332487338235099744994104763981862826386151203192
611 952.7279886198506260846675213239326123176069681002678
612 954.1297192695514153367580094144169251503198730072667
613 954.829308938216637119513762838101616862711550084327
614 956.6754793432897960231420321332276706241495379212119
615 957.510052596423722467728769116932324285652237613973
616 958.4145933901361809700039994672547935902256348257452
617 959.4591688070681125609996090391543284638211327049386
618 961.6695724741927533426686575031986466238120604889828
619 963.1820866713114469971321899721716967047442977786006
620 963.5670401916122706718620995190067866386490034565616
621 965.0555796237511162249266948153071338835020395350357
622 966.1107548184102040187246212861197735979067365956372
623 967.3711537662628543151647782042484118948705752497056
624 968.636301906087326408089905498083011502931275671718
625 970.1256105569411754792151195892404337812113364697609
626 971.0714914863857279402510345608562296492457411541814
627 973.1853612943011942216490969584507141797636350467214
628 973.8730789926535971942325634653269514703313155072872
629 974.7746350658374298753031548470237975252829038650538
630 976.1785024205896093441877981592437391927160986632695
631 976.9172021170506220214172671717878137777606809185177
632 978.7666715351129744540230067404250462618982522593051
633 980.5780006397744180613389525024755922728582340564648
634 981.2886153017589694593644343471294910890509117272412
635 982.3964851687789784014102218722009353245991511730254
636 983.5750760064313287555331134427599611364785795887875
637 985.1869286557734357695285651490315301945880981736062
638 986.1305151101845266493739882186301619796372489466827
639 986.7560084076560356217778391176727573451275833436554
640 988.9926223706574066073661836667137148370103617132371
641 990.2239178040279723629781305763692876781632574008998
642 991.3742941477615054318634332602861476863092391821222
643 992.7286963367326594436273969330933778239329884860307
644 993.2145809574429537075230711213440539003241886419353
645 994.4045905710944919000278054662348766736722442084494
646 996.2053361642982864835279814493016994643348318080403
647 997.5119347519392292110298400754401931267384926231157
648 998.8275471369296331305196154466393677103043727188378
649 999.7915715574129404631631471578470673915435140586403
650 1001.349482637782737122103309653106170598274501285491
651 1002.404305488391711308159327566435846463933433874751
652 1003.267808179453248257528201901448029257879292349896
653 1004.675044121172894226133346869600494216045108798394
654 1005.54342030437836419661104810414393191134555909308
655 1008.006704307063646198139820125100989081703794473855
656 1008.795709900742282345772557109760425892423377910051
657 1009.806590746964629457281935748602632235044028458702
658 1010.569757011061075898566515691832020086368953862568
659 1012.410042515761596842853261844371912927082673950315
660 1013.058638098408985072652637654348708751004738126929
661 1014.689632622370404688146437953482768061257395570808
662 1016.060178942647378130289794892061970274201699204435
663 1017.266402364355406669714861979795863901882670858123
664 1018.605572518620154950983567566529886016423313700641
665 1019.912439743944038361671516695172601531482735387853
666 1020.917475017263678316147084492092774722072379284582
667 1021.544344499904651907124084968307082579636001840777
668 1022.885270911716347825999663431359070027588779717397
669 1025.265724197727696366628311778262356223427624879127
670 1025.707944371462889237727701246627397376139649125832
671 1027.467693515587770273397423021363074477447471606808
672 1028.128964255497517877669531774843522433045152752392
673 1029.227297443961366731128703604422482394257144014496
674 1030.897368790596523560726555739542060674678096340068
675 1031.833180297407762541224224226352484073105663204071
676 1032.8128830351588514606514409583202676617541047666
677 1034.612915529520810066174340649535044022064165110501
678 1036.195917358054740253982927886486799583583473192865
679 1037.024707646281749750577263976311660032825392178872
680 1038.087752240618836437346942336171027055310504273233
681 1039.077401436896688726679598801388520133577921423639
682 1040.264037937695760831152926051990186371151385680684
683 1041.621528014542274154711708434249308852563384175162
684 1043.623954349621493870450095451980927115443423672008
685 1044.514975829078768114603313372560905703727429053244
686 1045.107042352977911390650395537655819567093100890137
687 1047.089817484294784221114650515913112289892453753518
688 1047.987147489600471131321596509933015624699611249375
689 1048.953785194685961633057024543533611307553381361763
690 1049.99628425659321975563019979329183475057249705573
691 1051.576571843205195795578149320742417098192880247079
692 1053.245785158385757625610520759071647560076964874408
693 1054.781039478281349906798792954095313599621041337314
694 1055.00214647568573620935338243341843933499482408782
695 1056.688847363828229857524790648794053094294986076644
696 1057.100043659617783603061085717955448152149322228267
697 1059.133769106897146229421299692402923350964945022287
698 1060.139518561607819097238993408785591309738396838937
699 1061.501304465068420063120211832353080197492806272867
700 1062.915381507880563602453374699601995062655289028085
701 1064.071551071718540425286030490920397314888711950038
702 1065.121855106293055478579823084061739104764137635097
703 1066.463223469242981943778819131473499477634513389558
704 1067.418860120964558059345176358580204404671090980605
705 1067.990000079042625467735564310051840459159133878668
706 1070.535041996829262809353099792098669065549079898407
707 1071.618623215089537904728055480559932035289346089881
708 1072.543998011121555348782818993852584081311089585779
709 1073.570353165093725437727708598850472203650075616816
710 1074.747771044310998579294215665921240852599725826128
711 1076.26662559417740986500375023729653455568707555394
712 1076.924056065754446887585361639487179066740948609255
713 1078.6471984809563646942905148203205276166916497003
714 1079.80996542925906921357166425045331449051437270152
715 1081.171002343467803785066479481868419581692961612006
716 1082.952749723069668660791991832552113145717600295521
717 1083.295466514085606768340679855029356093427629136305
718 1084.183264310430216143163848617287326546843655439927
719 1085.647831208639340712020066564791356926173140097008
720 1086.911998989825093115565690334659081961153764754131
721 1088.755724674808801471697125001913496064882233072836
722 1089.795337924074774958423569212810285732479082882931
723 1090.863191026248860785008989901089085543055341737092
724 1091.728472966936828999399305194828571970315521528011
725 1093.440873272368634680795585666100506329580631511463
726 1094.284457523754159836338559191313444310745642333264
727 1095.433084758661478689667484869983482871098398459118
728 1096.401917794742528502149455418874412425197734783939
729 1098.841015466649861787294733502687166404957321139097
730 1099.360667178571795594616511801884870406222866344179
731 1100.574460622462563218624426940529091110994222746692
732 1101.839111168756013405011214350250797599260659697202
733 1102.551779899917722746785943236526552027840656048541
734 1103.732297174546935847596110099669598580857751890213
735 1105.617188830762071517320809033744070090143889510634
736 1106.774371675832775100917447715722252524751242079441
737 1107.774531955010136933151670806122536507216195434519
738 1109.1589188567664518878051750635042119351768595529
739 1110.444142993613205803273028210496529408144970184913
740 1111.443504764899896587418372775423289847920734485326
741 1112.432995408076444580687919370812488406659383472617
742 1113.39759511480199351361443356940610624901044645204
743 1115.065359461566605676530232809664789693460084285226
744 1116.787253881214524190633039913150356067877858240607
745 1117.965919669199670945477582375833420298853826361632
746 1118.684134861018390903878122543577896998354337323854
747 1119.473247426178982901861447260439692249472413877917
748 1121.155937675810569905373370733513945587736568466018
749 1122.458621356880512254132854423816059420599349226983
750 1123.101117387809200166664455533703137305002950335826
751 1125.314729397846470079798976802460727504945379716395
752 1125.763442429252559466443972009122441925184930169612
753 1127.658023527215719230775273999029191221834252188777
754 1128.430224613892711372106028520599982796936766591355
755 1129.728996777065562175089155558434999646572209831314
756 1130.391597896231670832010907707509504337166538762333
757 1131.495085561917043222286892353773430416155826193074
758 1133.708625669456235851410275245604470168656140033272
759 1134.88565459153319643062419834163184899620229000416
760 1135.562213975477545956522046397336474418127308961148
761 1136.929293480969529785469667305076021451330113857848
762 1138.151589779805540729233531898553407253234975169099
763 1138.9923418204936358938599920165789752598982632005
764 1140.7218481719033597526553298592634840233631738389
765 1141.261022964136758329982281569288714516616672676613
766 1142.858659607856481118498799841572911396111544280942
767 1144.782299518625341877065290860254620333979862169824
768 1145.485327517117106808017281510484735898372355454287
769 1146.576814924866953406051744481650705703703768626134
770 1147.501776523319316091299834732285614967894161841233
771 1148.615277208834019003767233044290896766300915728672
772 1149.982601028107097665448816663065215246330140796429
773 1151.562814723673218149388696581591331145621139578328
774 1152.943128530589795951638659496711659147659002791674
775 1153.890303716271268026582982708446712050285807003683
776 1154.697519535382382913171212654744632009341971373189
777 1156.62156783387254341057911542264433504703777923414
778 1157.432314575610906332865252208317903709843183965265
779 1158.001609027294966145086687113129962850425328756196
780 1159.480657019022297309404834947165808657712593144659
781 1161.39664463437809149848889052177693615397987953471
782 1162.487528602005427804017687012472400421903187679064
783 1163.701031682778615587642196509732551425729573112812
784 1164.737586351227609934620217635541910634622479179715
785 1165.271227706457693605533587934420230503522231792174
786 1166.943613409528712677105954153540083959182710957613
787 1168.086271610138794297937928122724987288929823726693
788 1169.698356884884906186468513395886357769223134820514
789 1170.463638578283666041216030157962731819283823383576
790 1172.120681865695599846400740328500275507869040184523
791 1173.305687764048358727042161861879419446012545109633
792 1174.232766856456302652064361640982445124872274448119
793 1175.215452395950775247030932952831707350220322031019
794 1176.632875809788458632993828894502211476835669975114
795 1177.106304421656146949000119258928035819753654562601
796 1179.701223501933898032583977203698941154521614501859
797 1180.65354378708438533087396984020278445948746750995
798 1181.267318151680018959132975694110326260765522047774
799 1182.582270346920390440041119275856052504534635930549
800 1183.712775295974315349890398396181951227371126512367
801 1185.155842847465792283020140904130875483418103356003
802 1185.875358695356620012619089368827963854941308516749
803 1187.345161493267309955546583737178172508690503415186
804 1188.856444298229306788806151935418899951003245272193
805 1189.96363649791844334374863710837016714803304228258
806 1191.482605926413470865133378125840214094120333335684
807 1192.218611478101545077892205572077831292881581543847
808 1193.324021427455080275389661489380742838128476435034
809 1193.857427135436991965941166184693901332656645860446
810 1196.034671748671062232111539871783512945771969881228
811 1197.071786658821966804479466653067724637453103497781
812 1198.686569104630566476487011793928156012316277830575
813 1199.35651370789396813188111093211779986466248961378
814 1200.53269203121991431033825902817981282525627833947
815 1201.810334856606049786460458533583387248781702625507
816 1203.137350861425479452833490114266745085528139921729
817 1203.855247594097002027002588808970381562331128245778
818 1204.985492171466410715586559359810791689917978435204
819 1206.870499793853068292137945827850608091204843891388
820 1208.47145994953103146299915247123465602580692822295
821 1208.989484167939025676652544690788464095568295024088
822 1209.898030087545955753378478737088928584503513318641
823 1211.416115892798123060478983201523361160354341555831
824 1212.113153066319792624394280024613804151534771094539
825 1213.598372680368218485135052935254246107403924862986
826 1215.389975065045634269813770207473351292907598889963
827 1216.183722033467416723772765242536643871632971162226
828 1217.174482497738919039771914294109213280260224685818
829 1219.050028177406163509276830573062532540972348315293
830 1219.614471310858484310221719491342885798174264403528
831 1220.816347690978131430685361744353556958607064032308
832 1221.692242483143733211792523879976655512052036147707
833 1222.952484095108358242564242647374019467390194030825
834 1225.018330024168539197351757053366596045923402380354
835 1225.85502076079571539666136687144157904948332897064
836 1227.231827641490931924146161160085343057168852163557
837 1227.917141614400044405946349098111053175217750173785
838 1228.79315436298117176917903378193584450617379372964
839 1230.584603154249275719501758842635266767108475473053
840 1231.562273877645398164718178630226118864376604877651
841 1232.529587040597895551034137548456492637337686407294
842 1234.27781665343178804884422490530475916938646593099
843 1235.502548526520997318717426912579398804282981241289
844 1236.399017465778995865444358503249731642024211181967
845 1237.977298513581145513426435543788141380537030778128
846 1238.457232795661807116333424981234126676951577175736
847 1239.490807146795754277704675379759635201416411268254
848 1240.813471785216266891520205995990317427026760796364
849 1243.078076398021118881519514065293469249227102911549
850 1243.53814652611425998047386857526749239365920130044
851 1244.851433966983858564581682699216004746894727717322
852 1245.655866188147822478803874577434740719988334923689
853 1247.372561969855643915704176179222255113395516452368
854 1248.063061053208198685149449957698568074487359950146
855 1249.159887953002983340583314205395436768572192692287
856 1250.672397275678117155089527891145873562969555225626
857 1251.659832004271221180037585776414953042510876165701
858 1253.673577852107102018380261800272619623676185706035
859 1254.431328421773449368516753096833892492430254466987
860 1255.408230645290734638381554833588154087337192649191
861 1256.181214198460866068255744203898782813593704479864
862 1257.541219412644114426823188183961887471778241682104
863 1258.779233488595053190671357040496507358701297843355
864 1260.344548316185519868179070546536187809209257598076
865 1261.611717161479839904325259209341789634736786893106
866 1262.556614000356224342557735020198908924486096945379
867 1263.676732843861793330399614482820173675650711025137
868 1264.957223006999789287695613997602783040743205205631
869 1266.179037760562062242829999597447935179075394471844
870 1267.20034561184548922028994590615973832119690331851
871 1267.570571779440223458643778367160769442257005682596
872 1270.118921886492603925191178433325927594228279148476
873 1271.134299631609991400291681899752453885790959733577
874 1272.083959599332897422895646582004342777894984281657
875 1273.261144633455752813727489719587623969501567658302
876 1274.196220889480358828122458753726192451584902154193
877 1275.092030315840457781671327418735487189186720860594
878 1276.842171555569794685535188573991408897148691833609
879 1277.763091986346820920609618513878532252282381103422
880 1279.332843316708251394285230318159472794565028409097
881 1280.155794409022930466591477235396798163395956363786
882 1281.828726959699933928864981252251539266465638479898
883 1283.000491386699676607703114941402336837160522687902
884 1283.335032138879280600482554725158550910583941601734
885 1284.854795154621657840431160936408917981312702716852
886 1285.695023331138592774774948498095367972413304034557
887 1287.410026617075316131672786635184632188416353208665
888 1289.165351532773061481413110435284941935768658585678
889 1290.104771519807337889521809032641941315014139456624
890 1290.417708073042503662543602206988952233994920598559
891 1291.945870968083198400458037914654867906271230736287
892 1293.493981557417445062020446846984758645428156229957
893 1294.118474377848352386109777983738377549157655107939
894 1295.365363505358250254932173087460895723987206647387
895 1296.801110992347291502194113869223233850244532479657
896 1298.256527067889529432349222176359579501949764377123
897 1299.405171250743978398316023459831072539020324212841
898 1300.490018982447638393470943343002610334051818672549
899 1301.495516680575058356356018372932848407726587824329
900 1302.346742379246917920513253175188923322889650240933
901 1303.27320022879414346915600753038306439637122637058
902 1305.401672188004384663012315651487184847210036500489
903 1306.508393312968836971733720834626210917595500065553
904 1307.267242107802427097784151331784842625167507116929
905 1308.988196517643387242108335080429878751785693427489
906 1309.421532493255966673810811814526482026741034310259
907 1311.056570511111896663932335774927734985551674407138
908 1311.966940608049354868810971247671132229421579473538
909 1313.031599369019664552442946150558779450343031884219
910 1314.05256565172616619337346662206468357399548372655
911 1316.21211260285404978029035368412306991482051914949
912 1317.072986034829955001008389268410717385707842935401
913 1318.171279132165052548580337130853790206149938475828
914 1318.947880596566338336391281038093641998694237672925
915 1319.931082877536473052035280167390745129171286768383
916 1321.628138551912418057465925661987337085809789488273
917 1322.258067123391157945193698425543355071683767489005
918 1324.224978718844330913229195735508894020197339160349
919 1325.237624358982335353497465179917831853335396891901
920 1325.981969630446281223042044622621792783043848685703
921 1327.635281108457449640351740733326040330876447961255
922 1329.043517996518601239811852415442827374182074820925
923 1329.205018785483634847618474141123450437586891850262
924 1330.42993712045926318266079102464196001512786394834
925 1331.827591385285217523542330759636540653347468642148
926 1333.673522610284933270975871701998535626380232067499
927 1334.74732905168977653033947812424246606734836197273
928 1335.694974526002066589015284239892813572604422576156
929 1336.690184653385871053535241080922179831202797453242
930 1337.688791809669949603148439955886766793094400242386
931 1338.923164598670349828981969306561845755006920131862
932 1340.426400457300175789734022436394147345914800328725
933 1341.16627225292638707193512836593821496615223424456
934 1342.608507883776861327500373307002188372965417550447
935 1344.156044003595790998204329478565830911141121918311
936 1345.477106261398714427407301055898766650282104450928
937 1345.73141325541840775900672218344728665045805428856
938 1347.519471750899911107226733303084703624255894930728
939 1348.017238018736410091624038121042797005612517035099
940 1349.085194014047657980739438012039493814444713981383
941 1351.296206374096718009837682380547049399596410360245
942 1352.210465159175538379448659691042601666631360128856
943 1353.48333835826457655375617836126203121861551045606
944 1353.886781971696227684236046912987355330938825305337
945 1355.680595320636491886857508441401885732400684808298
946 1356.605655709807953919674521973734834800756045217288
947 1357.771742828579464071801418898852057119889136420212
948 1358.460160399159026437355189172635190062652939757344
949 1360.393144762191152312089751910287813454655741604841
950 1361.393074713639681698890762928929246734529941833893
951 1363.022328603280756838542737904571588213479915283702
952 1363.879190797134472437964698401690555976748583065767
953 1364.576584896753972641279745930949266435731969063405
954 1365.493733551295247265435774031186204423919692413565
955 1367.104090970008230879955155351149289247279059456637
956 1368.330193307985894894877702085495852519685331040469
957 1369.68694907734291660103374907836287399019965899689
958 1370.973522767783644045921669020982929699514989836795
959 1371.686553552827391128829532053489610760428772339671
960 1373.202914562373382103296370273695589323613910436428
961 1374.154798658640645626519793780810237370251536862163
962 1375.302392344748902154820554820805852730132134200561
963 1376.161779993619352038764812016064193695288986132659
964 1377.177633642104626322481925835153147781311541402757
965 1379.683283028612926385771578164133160623721928095748
966 1380.148578441692403063928151975544394576491110038958
967 1381.073977149205634870656553387235860329458638882027
968 1382.345662978473679887742389440928305187021605317361
969 1383.297591007946474903316757831864576549513138458151
970 1384.444415847760082973395629190202884100998365927432
971 1385.663777011192686438873913872627091746401786328853
972 1387.326647663489530605697250137500013943932986221694
973 1387.921454127112797023168503205269079056831407850834
974 1389.565831798393937195009655458476730879921465568604
975 1390.705490286427665121514623169596046207933331971129
976 1391.853200443269755384526890702556586919273057170034
977 1392.644027788548648255831025640593123380836133985796
978 1393.433401740793665026417471075334937393880696400339
979 1394.884184675680354479029475568339782740295463381983
980 1396.544163123682501770247636946446743348968261884638
981 1397.834623321387224279315355900165615555773207468303
982 1398.837675201385865233910781623551641673171308631524
983 1399.839472941206481467053985746143159286354920151524
984 1400.426946297394298261051425024536662798466693094734
985 1402.564347250065993817191111243951503735317442027776
986 1402.973747640919208050497318755828475334901132667422
987 1404.006292170522757129440727950733593469626314251482
988 1405.666975059246875092257325254130374416795413850433
989 1407.085142776436486841203861553945673143675462072626
990 1408.136307496189550754764109216568713802973074401596
991 1409.320681079838957249711182852555964218419074619084
992 1410.024810725802225833083299431548658209139288471966
993 1411.257056815706623860024230778695375047885978212578
994 1411.965653461773004284494177417113415026254906000578
995 1413.843148788568852998797603639966241538013462044944
996 1415.585784795495351208993038535815851149152803073426
997 1415.781581303282910082772036660394177733609861547072
998 1417.102822933822614755624964325648538469069477451958
999 1418.696963852452165675233051829874743057694774871562
1000 1419.422480945995686465989038079916819232100601064166
1001 1420.416526323751136034375250932915159741881393112803
1002 1421.850567187048653910706807550984750603784648606082
1003 1422.461310987507366496379440145071599235728663551143
1004 1424.463045669579022246795142763486399435651269762663
1005 1425.873469244996591079289817756997239137610749501662
1006 1426.645979682120039380197024860457838274768066075459
1007 1427.365671109426682028960841943756724077319551293759
1008 1428.592305875978768705860941208268539616138846771055
1009 1429.650477276191545764897583431797473813281501817524
1010 1431.218313672751658422362577109002433367758785229782
1011 1432.049740893313600726955860125094849059244725769189
1012 1433.821940737065160513137540426089666115386444114445
1013 1434.584942168260123966068735827451838563198635197937
1014 1435.692907383419277383952915810155650585687609366789
1015 1437.226721623801248684463350153459261429726923438731
1016 1438.006284841722401518352473167484327783591846333298
1017 1438.949552746882798976178813454724245696398882148546
1018 1439.622793078163983973974818700249802017530521488858
1019 1441.960987504861836180539030710928169312671644835707
1020 1442.911059580896858867879323961125455914309257336999
1021 1444.041930706366562243066105158986797946487698100487
1022 1445.072278459201045744066756906502395697518873768523
1023 1445.830084779710020783356237113564987012524751623772
1024 1447.226227099975794392215934950765383680639910443141
1025 1448.323853515725453517684403074206616750238515245117
1026 1449.488771280731257902871217529728327269926604826898
1027 1450.773561858297330089906756954831501830647854259041
1028 1451.835297999393383264246395013055505773144062281569
1029 1453.737596757102226254608748340911018332588913902903
1030 1454.226011260226279618029637466211817726173224528377
1031 1455.312091239819668355061728245871519866435523921731
1032 1456.167797608387255558047066860637497342344111065194
1033 1457.539001668411230439852853714209233012021516840976
1034 1458.393777368687248897353185050367280848226547291565
1035 1460.688270535419103886417490375517797350930003666795
1036 1461.245443345159955929938183937273902051131549814111
1037 1462.266123265787259537550513699827970829706500240237
1038 1463.286891190427541263050979938232792839875049038173
1039 1464.696903297876409962361457228124956489278432383192
1040 1465.889557614085268159057371235248981957397748591505
1041 1466.505621107887723368923293043131108863023791180915
1042 1467.703989586071013401826982644070426782950435897746
1043 1469.347649878269645799291096197776233399585715847297
1044 1470.966589127164967200423743062477150037278470807438
1045 1471.388764527106594515568524142068049387954273842479
1046 1473.020132324185711143723154418631152660007810985783
1047 1473.745649185746533474087354961410888943789697333719
1048 1474.203221565698878785627052471643602669434508243215
1049 1476.092127038240920702570031368613578297320262343046
1050 1477.435191147500117405004711717914700857982357810993
1051 1478.441395973412948585008261648476643857763387333441
1052 1479.759918706490077675395632636296187739320394961793
1053 1480.766879017982257679543409360958749813326099676035
1054 1481.964684209802309575730816746581415378730161882873
1055 1483.032959958071480650361945452172490066399698292822
1056 1484.143580881755407774916541945737091968714451694318
1057 1484.81788323120372657663466748797837813438433591152
1058 1486.171349027557139928372310479419934464217380675837
1059 1488.116337976228270527027221489845339183598133686536
1060 1489.25246694643012307202772964695660814106936667502
1061 1489.970892204678885758734260046880107319775228133355
1062 1490.670693814603265610717512142316536874983392855268
1063 1492.180090544016411448622233898376801693848828967133
1064 1493.330835421270217760647292386227736648443711720308
1065 1494.155368613688803742654171460874033416826302244938
1066 1495.768832978941731640262413238722691651300000558051
1067 1497.065505571710063707657608186144370455664178542812
1068 1497.747360933121155702567134532021243599940624742249
1069 1499.640824746619819727062874677735100047379754176194
1070 1500.351951516603164877266464970668067297979650692775
1071 1501.119324922131586755267132100787755432182626425679
1072 1502.346063292399062924653131617950978160516020385201
1073 1503.090933126680493369498661250374583130978527848799
1074 1505.261529654671910926654104277293414770775914135757
1075 1506.152986138113179314532481744870567351413558425365
1076 1507.407505163830322280237525456465928910821903430263
1077 1508.253031029542275305300181852855494227763621123391
1078 1509.280419363223243290159293424095809105561264860471
1079 1510.391797446473538038311462371666260121554289825262
1080 1511.923005459002111188460007330427592490945584331719
1081 1512.589764705458127802798435801426146477871078987654
1082 1513.589765539918677586756079511559015642702902984198
1083 1515.708343586873929897339272503625505281450361128995
1084 1516.435989718758455005481080202558739583745039832372
1085 1517.719806254130186785136475825574259766307399105368
1086 1518.414791487253691070493351427817177836335781140994
1087 1519.741009493906820862830231792218793951082575142341
1088 1520.273622220356154270041307951657336802023119460687
1089 1521.901909065460911395427839299387127769044991609624
1090 1523.48604714925888013659455049570197319866637932772
1091 1524.724892160622186989841600910788017749728468218098
1092 1525.227837233791800071450719301400166778105279254035
1093 1526.55231191038745683334307167687501784422816618741
1094 1528.040930429297572159720535334754841072224156429902
1095 1529.034456728701310627987138517854555124150007104342
1096 1529.369975365194524165597029923943231989255498027386
1097 1531.020742970222322575866751293272056533480749542024
1098 1532.222326939392069528772873411251636627341518066243
1099 1533.886977913201592096682979885349131562021832290347
1100 1535.042277471206664585291167787846240921490118550188
1101 1535.769502395248204327718605254950741321714694523878
1102 1536.620701824029871898280469056754706571213124801096
1103 1537.651062167944922464754310556539047608465813366371
1104 1539.302854855583229427846005811869062840888885219007
1105 1540.030270139506368973723269296180908759042526496187
1106 1541.742248762789003493586594622949192836591299747123
1107 1542.496522922766279604768808440539813669139894223756
1108 1544.118670054520289895367619998515182799573102606442
1109 1544.834608227519480110202936235177787547479437039983
1110 1546.091197786313297886144801881240429150278045119579
1111 1547.297581121406901368000415263369874956100865737279
1112 1547.806563801857567812332259337355583201320871690374
1113 1548.871348178725372883927951671759498588626161439105
1114 1551.273845326404526567957097291442194189373783605663
1115 1552.006872837670069396825300557525687389927438473186
1116 1552.736105329803855130255029923889032645708231503078
1117 1554.156519109657777788806099804648379025100536060487
1118 1554.921285164991869748802058193192592241743428694198
1119 1556.162987497552752345744614454193981295764679052345
1120 1557.394507017690490987832151327896949623622746807807
1121 1558.339152852351962786385834986610109690232825128284
1122 1559.781154390710235255259288887185563141083678380404
1123 1560.876475777809452139941140513897006419060653090783
1124 1562.410153180194439680536055051872262019992370014645
1125 1563.385400958495537267918371439973056313867820598797
1126 1564.177940460431674820589900063296799028933477667655
1127 1564.915788262260135930225975877301827762227426845575
1128 1566.266415601551516737195789521195373379397375327937
1129 1567.623450717218105456669721959224722600557016803858
1130 1569.02247780437407452856095638175391142634526147905
1131 1570.509277866920837750153702018472101306156729437937
1132 1571.045381485538185056935902414935696945336199431465
1133 1571.845352088045338365385187681792210536037723411617
1134 1573.806563330271403834712937108755539925476016931293
1135 1574.230915429863777755373694780776787770963609192626
1136 1575.638154952016551704401319166024785491390414680702
1137 1576.161352363424377561327489311322958810507379637046
1138 1578.118826945782786074640761441829511655289826630465
1139 1579.514055067740677248002441096959098230127920888131
1140 1580.372081625471549375070564041336325429138783457188
1141 1581.3635517730018203930006717247279227245416025547
1142 1582.32948694414717625656925071871049062119939231404
1143 1583.394693435421748433184337712759841112546135462562
1144 1584.234848066376210517871719012845336007535462487222
1145 1586.293210750337776065599305949992199070363287796141
1146 1587.004342107041149829094811845244052913411678423193
1147 1588.16340402890479014803112151437296660445281725853
1148 1589.357945949557727776030931741449700140947252924642
1149 1590.83590432139410477130642608326756501759267269708
1150 1591.293884373572356231406265176493853066574128781949
1151 1592.637167039234918473436350730472364645172712976724
1152 1593.584808188861926335470883813601795344980473166812
1153 1594.442689655690523961912615828813854070976629950676
1154 1596.484492409654675246698921079352379306729545065998
1155 1597.715895944423128646336881503458268910810673611159
1156 1598.420798549670449745762223083535518336717444931041
1157 1599.619348950462806910981309058663099669550803429181
1158 1600.048044903407311117640762986193474980191392396983
1159 1601.911946228582195319048509851650955301397158335144
1160 1602.815404793726602517535981951440034323360627093476
1161 1603.655202996124079668404286136631546634456290489949
1162 1605.521646646623348704333010910956812543674511517289
1163 1606.293418126574223498511635574620269759221582102325
1164 1607.556905211982879540600895610858145980673938255654
1165 1608.83629530501001554821690169820156454223031259849
1166 1610.003264190037944310470787202544635373930242137675
1167 1610.253823162574488807567725458148863014176960544472
1168 1611.437141269554780419201858216023267762733941910914
1169 1613.07885545102742351352269446758404329132052727871
1170 1614.710627852161491739637425536761345884609727530425
1171 1615.574608718972008759901371900254757542661764289014
1172 1616.398394841583644176829126261466330840836010445092
1173 1617.734684840985208560999130222877098375578596579032
1174 1618.537517831977547528321460629325696546090976189426
1175 1619.952501261128849053360875098951662605706419796443
1176 1620.774310821388562418884701279764729303536395856814
1177 1622.098751698022960734551908184850779309636895565135
1178 1622.977767699475580047234466412239044880646354539488
1179 1625.021856657962789849854663430298537867215225960431
1180 1625.987020163621172241549750009692255854146258969692
1181 1626.399919311635551920494359764567867283982063868536
1182 1627.755441276315744955155584873935639358695787312917
1183 1628.715316856763230191984859786360106426691620645043
1184 1629.658668954947761462749036421430836948414114566471
1185 1631.194814551515752982858171428346429727690088345888
1186 1632.798183570708816965553043795252944932097585007175
1187 1633.512516889737263158084533501594913597771217845348
1188 1634.516822662067080706424221814236975683099606316855
1189 1635.718366326213799525578525769160935060477533429531
1190 1637.089190173370945876388902483371773796777521925942
1191 1637.99464358601275233201580361268482609051604138979
1192 1638.599658304213882696396942869676313663740436651092
1193 1639.821235729830195521375523433338554063530519894094
1194 1641.899819008504577039430071344156580645113797677527
1195 1642.489779822378073057345306823985146662570168947379
1196 1644.152065959737679196727043202987135331161544022342
1197 1644.713745774667882876164370792102921877013647664457
1198 1645.573760362766078582486625010121848632699522033945
1199 1646.624866593178890765820653786410187084840306672103
1200 1648.270598222531697807582656644083325748071316328639
1201 1649.118535409240123292286317023484976999955065860771
1202 1650.416988983048381149984088828724430522104404793178
1203 1651.732693341395981036998067974190561168432961413371
1204 1652.671065899601207082318963772192713826833841778407
1205 1654.205896759371166943082319962768763217685095503254
1206 1654.726652393321786381752185967545287892257892268834
1207 1655.822775676771767318206884526186662592980090588766
1208 1657.114236399763082353706850428758209056337919124892
1209 1657.567101179321441112896041135120611697980289468715
1210 1660.01998033799894542446898120298587816486788095711
1211 1660.860056833300810301495924279453475398516961813917
1212 1661.836892884096688304723361496694017412604504431349
1213 1662.377202549280083467248088739463852986948464289088
1214 1664.05726541811003061726108389127137067584447185448
1215 1664.968004486365083806974558416919352657427681654696
1216 1665.877640414486212330961352386153854199290054381086
1217 1667.241125051711277139386878286949306693281023054284
1218 1668.368229327401862652189855918145365226152785557182
1219 1669.669728452399209150017800644535314331928272257463
1220 1671.047182433303181979263957037980112559797701989381
1221 1671.98425933372627394243666561454022400714927230448
1222 1672.963370830781056597758264016726303360223601837101
1223 1673.687445333905250511074039540484476339796725812832
1224 1674.64846209700975479613742403128865742064125655691
1225 1676.362486323950475216755748659615065476062027112329
1226 1677.691227141526503618623631313934252878844082570694
1227 1678.630368091063650393493430785076486369936506846722
1228 1680.077946716809494439834994473117807616760767455869
1229 1680.504770112847052080567356239641378662983112802271
1230 1681.812320174266013360627166523681058888968189401121
1231 1683.273289260666770470468298447181834410749242501316
1232 1684.171656837064291579028551970227623872371720305775
1233 1684.558863252537241861381581137956111900019012916773
1234 1686.421121947838197593276937826381063019285212672865
1235 1688.08014269317658843674035323036909782178523569674
1236 1688.933868509784624056562111985461240961769119642038
1237 1689.70315425617978886581939398203121393322725938516
1238 1691.051559916893075944593409511845801139683911969899
1239 1691.515192892035152299187160603020127154723933705035
1240 1693.053020930197146867152899381568996638041238162176
1241 1694.017564652607856866831463504008368885921454480064
1242 1695.832554474187265513088078264775919574188169695483
1243 1696.654997439785656348972199974091312590261503686258
1244 1697.342514286564009349294604432515388189330912844687
1245 1699.229547187643018792872352034806989926866934346509
1246 1699.966817266863858564388383073637297801311885040096
1247 1700.820303245006238733439288712332011407718454897846
1248 1701.825550997047417233553919232082114752462415925905
1249 1702.923249764490519399324115347902087816587381316977
1250 1704.291412426679760281343751240563411970803376990697
1251 1706.256032431560377055487520385679708517815397967751
1252 1706.615665035026012470105194816773865631040220131011
1253 1707.912312493324514939294588151913525686164819522448
1254 1708.512116178403088250826828016565110241675450962265
1255 1709.780842298580484923407572706253597984814532942372
1256 1711.137603258592841272860739301135309033741089277463
1257 1712.155397654322368843190510484185840901753138171391
1258 1713.055341727513109628706829033256554297695806740596
1259 1714.717145255494530380907073427198693718090511220383
1260 1715.825283039820567835619201362411401469063829831891
1261 1716.769983717394902744361581667053487318558980508613
1262 1717.974485066158528153116256739741870741866332453293
1263 1718.954152498583751996121483127786438233599383775466
1264 1719.724469321831035110476898707181480237373770149377
1265 1720.498070947586531810458469080541238513829658575188
1266 1722.844661739915648825986834988154580715312359380976
1267 1723.532822631259873601000923361424437365587018393077
1268 1724.733958737658224911768447288037448954593527260719
1269 1725.638628019973830653353179967862694356685114391108
1270 1726.605700739885404462597420237437566783835624361286
1271 1728.166506760965425040578810314350328336050946399371
1272 1728.644486480371988396949391932877649812663279261376
1273 1730.023872544779144422567863357002861674372193380888
1274 1731.014193761857181783075164213545985145610642648012
1275 1732.430169859256836542028663440615238812092507087201
1276 1733.840825021430013404403100402876422310536288821283
1277 1735.175466021101098339878090445337143476128049799538
1278 1735.624715342870632327563694365707270011404577055038
1279 1736.305662733237988887384858380162240234792874310241
1280 1737.893884786928548284183610680948919226196522419707
1281 1738.783237588816054261497201596289288074327584172063
1282 1740.169115680140548587293998161878116979481979288525
1283 1741.779167808727257289365646660770278702688168508481
1284 1742.467680720782010198985592814800283224991391159539
1285 1743.42643685872162652150784109671250067363620421648
1286 1744.721511937699789776716004389862008461203398334914
1287 1746.097498595632694981088897965565448330241343357032
1288 1746.59545662712820557169766377499634155735885938204
1289 1747.781695527752417747951426604683658183138040586187
1290 1748.563987381080216827565472522100497567503713798859
1291 1750.822818489839100496969714404208943463975622275692
1292 1751.617794946251114836818310172803855185336344900689
1293 1752.511511140665935993365667351074559932887770523996
1294 1753.661355243139538151920086652452565125854696722355
1295 1754.763369874252878074452210384840089252350785377181
1296 1755.169694068142685182723626700789008280613073498183
1297 1757.046518460723108432760770557648276246228044644811
1298 1757.984077032818179991452682062328689136245349694616
1299 1759.240085646681894957162857464721104691880520632154
1300 1760.215166242762324185107829425424623351093152146665
1301 1761.854899938728070380092238353882931243484771071061
1302 1762.497688870660621630554227831490941640331757074309
1303 1763.719121496287047263666529404765940848577412348704
1304 1764.591476849091958354745758058374977926724859966818
1305 1765.400493991783835727808901648160596168289498607542
1306 1766.676243599477873545201071040934172243633921567387
1307 1768.29597113634138119862217536724192582507662672932
1308 1769.940952051635838334389232242837547116420564742653
1309 1770.243677312197348192617139398423926490524031213772
1310 1771.21294498354652672593530128509631295837188891579
1311 1772.328000363591359307656169656249014105572782914398
1312 1773.894915510703461811879518441565003879481666801144
1313 1774.660430990023590107676949991893952053725707292785
1314 1775.341987573747291026905672374229326829919047634639
1315 1777.25586022405798706298549615459607864963696693695
1316 1778.04173476224929811655787390267293223121106286055
1317 1779.552270809178961606809314479700563785796770462149
1318 1780.665228492998657232798024433108714365305743902848
1319 1781.35563772281956297196650524237993438875440821438
1320 1782.439067320020181451752013863025113380382669105756
1321 1783.084829519946484711479716199453082021523516104889
1322 1784.607946396612664868850457677263909568575545953674
1323 1786.342201179342528821325829223838675860850480438847
1324 1787.049273086816266390256603360992030575399011860406
1325 1788.215123479632823247643094352080698117730199708132
1326 1789.242179963684720140863510557929773052433864584816
1327 1790.449562369783540465519493311860972410079419599294
1328 1791.254409818795450149147778965426972270772654402016
1329 1792.616102735198182735946277883541461630508828552785
1330 1793.525390652409514822063232017474002020614707047566
1331 1794.178482007255591198750742115816955231391466865971
1332 1796.465140537430813751114255370848689246734190249514
1333 1797.376335671136769855691075202032276075593917449113
1334 1798.147067458075746926822763532138957940827491083607
1335 1799.231647209737400400064614183887962059467152446153
1336 1800.024724019739154568118227149593029299019245851742
1337 1801.309636945287992131076646135275517195502039933606
1338 1802.301283491450569858835963870588970940729813384582
1339 1803.796843813365957725242922768040265980288037954763
1340 1804.904160974812015447910250978191571637072090028355
1341 1806.28966701949778163501097457464455299962911825137
1342 1806.57839175096392558104889006013900042331481548245
1343 1808.714431865474890356507883256483933162355990346214
1344 1809.11927378828733309564676742043169330529663102879
1345 1810.108892987985804546815042171061756573086403871055
1346 1810.873719158854715653482648878151790026300376072059
1347 1812.420077002105519026846573684033241377590739788912
1348 1814.024140347615513423617195596424873431384652478827
1349 1814.97308236349584902590555963062116678993482435807
1350 1816.338611219674637287877667263658429557434834060207
1351 1816.758023365350853184434864847423343215264430335681
1352 1817.710608563342472647763608544837665716637037018692
1353 1819.260334099488250564022225088024841040611519377946
1354 1820.187882186811219183600836539523884718661106696116
1355 1821.305708365203909060315673563419180005586032054702
1356 1822.427671440302586928807853393257286002469637326402
1357 1823.766265895773287956296196105726975574269234838564
1358 1825.213676893013383353733071832547595503617088495489
1359 1825.915683614928409365476644320093610940927938046921
1360 1826.795455271492655557558673752989529487720384347417
1361 1828.211270499973141933934054901567861376812920441888
1362 1828.621091758031140727573015596956422391240200146433
1363 1829.832529709939702045809013317588538206515030847914
1364 1831.936379901815210814257718209881352435889396297498
1365 1832.984940243731554247653810054289054318849638085689
1366 1833.273239032730321520861053082318878350026464480456
1367 1834.721559748608499026127262595890791936152443864073
1368 1835.883754437692548567061628106079708382020529399432
1369 1836.827672515957489640815383718141863798549471427622
1370 1838.086943305644553436012807544018606092457517837635
1371 1838.640288707650741070799644765415944151484435200569
1372 1840.19556347335736310672749713585010779051855818292
1373 1841.47858257064339425708222662525772755007753923085
1374 1842.875955278667221445726715441556593134307694832708
1375 1843.771057743069120456561056688080546831484937206727
1376 1844.759043650095888927068812748606129070793065992202
1377 1845.417534146424529184835945868227870393045322374544
1378 1846.353253420516416602189404018829623411729224143373
1379 1848.330980622383731433415372451588473653672101855212
1380 1848.72276091089086640439083423177582238917049021235
1381 1850.601184047651463659879441879380576118276518465525
1382 1851.400361994589779203914370846894799334406155044928
1383 1852.342204733386277236302511308118572240584817760347
1384 1853.519342920989503777937861122281371332597845121966
1385 1854.855632115986727770019344996704223128175596040179
1386 1855.592934937055467317870717265256978834798898159279
1387 1856.389179153523854467583731090395918490629205943017
1388 1857.498074814880186030131745714289914799013623057691
1389 1859.49527156879445997838504403281163067210314658079
1390 1860.541388109336813481346766956689039854662331034059
1391 1861.379671547232853462528349929398487726221168659075
1392 1862.121464928944214881546901326468878303170406669136
1393 1863.425464845096486006563125387465458191015588318079
1394 1864.353981335746251375531280643564304282868096584882
1395 1865.367433794057890105678290605768644032429619826493
1396 1866.836547018608191339929457339916303272480919744785
1397 1868.085190998609224366009378473812604479242274207566
1398 1868.706745684408117519670849436345533083140687583307
1399 1870.421471768310790151708991153511039486802752186455
1400 1871.416043098407145326019776389535559148269783267461
1401 1872.441566428192717588508826615756443170197539788747
1402 1872.865667637967680009891916646273206340825501412963
1403 1874.508361412660135338418593131626648667520954027966
1404 1874.913774010039541468588008479603513099399244499326
1405 1877.09506416733977461243961647480727753611271483686
1406 1878.022251482753471098901814676872818557480309465249
1407 1879.153303090461328571736814678245987287468137136803
1408 1880.082325418994379763301187178662241247409956768249
1409 1880.611766479656867414168145956247609852394972379657
1410 1882.321974797384684057811890953611645194123569573696
1411 1883.408724269518366030718165828979766596927765873573
1412 1884.005778349667142356788438374532621017064363679172
1413 1885.198075130258122876007111243636918200718120609307
1414 1887.053894806890124232468481646961848594776113956279
1415 1887.808841416832129527162474845802083469435023881646
1416 1888.938182636579454999549850837161691937479446103651
1417 1890.348128614244545597396400941378413950766129735801
1418 1890.612128587933260930813629144681137173521548965726
1419 1891.678510539728787851251100672011649797698640454865
1420 1892.867701335791115341100170636513128101807045736755
1421 1894.558537572429687187310840486622270985183622536574
1422 1895.697155653584563296589495598942411295825922955166
1423 1896.585494347168901175289023165789453322462706378101
1424 1897.513692859711974093951382104971781038581664293049
1425 1898.829372818679482109816063604437451984746410069223
1426 1900.006144829143996610551644805282632579330913429418
1427 1900.571884272414833831619413510176991928311650718473
1428 1901.891305750600065080568056367221560931077094885511
1429 1902.805059206680062983353913240417736808490307351837
1430 1904.08932532335174208897918537981483290329659655014
1431 1906.102756198181956502046629848151546478484213403836
1432 1906.597678003766215393603923424934520610336962930556
1433 1907.33278012390992634603714183221320583387288685749
1434 1908.433063045051752229753467559628516829458469494288
1435 1909.465930025982380253955996411446978326007843053939
1436 1910.733659615891596477795008907490015613514815275939
1437 1911.704690943172158628321554366963168872443255426981
1438 1913.182489775883076813639879787644653265933260447119
1439 1914.352300051674052677269457948515377502042695782036
1440 1915.054629333347218570915841816335326295472634238308
1441 1916.606371839519353790415037895058693221440347207949
1442 1917.344704041566345522915353652737464609308973703056
1443 1918.78649890985678898672134264073320337146425541783
1444 1919.207778397805238263969528573261248929885117902036
1445 1919.937457371217203896593615717157422078771648956965
1446 1922.101625621993703442189010362862148092640079213821
1447 1923.280837936417442057529685812649352387063524285855
1448 1924.055831101440849519510024253688625639863513239629
1449 1925.231987975406529411983363270905825208381722827724
1450 1926.211583079894078458363284699349410936039214450104
1451 1926.820092794871576744616647587901472099049382080497
1452 1928.417518549519447858834224175221304292551513253987
1453 1929.487560180576489987259139210441161888141684888926
1454 1930.258387180387325797026531835539990137741589485529
1455 1931.76006943652461401137792947997040841194101689748
1456 1932.875754549946917778836750901735034282283508746667
1457 1934.416436369151903416412919405961229198661808207161
1458 1934.907943434365697510017570812525073362019833007378
1459 1935.924848803745694844526895831419420921392101013465
1460 1936.873093814278902386711102207589552781600607738231
1461 1937.968633498019957719647716040296323712532835758819
1462 1939.050029150544125716814473641659760612204748567701
1463 1940.977326705859935993002316109026086915327982979816
1464 1941.822862215780232950892794668803897490804990417864
1465 1942.633568692246150914572719980172839805476970529412
1466 1943.367947449252749107006732747903654708906883441625
1467 1945.153796306367959584251285185879501726206306557583
1468 1945.922716949483327186312954192080578289265182843119
1469 1946.609945361877410311279880846772961098796017976495
1470 1947.917047737703604079913565604767402381067764931669
1471 1949.030030073606550736929821592023715558039203438603
1472 1950.743201552863158598429692622261725908513412459099
1473 1951.536695873054910398384882565612102158628332073077
1474 1952.85012921186575327611994846497811365782638851185
1475 1953.448556325135770052820725556875525105027106864826
1476 1954.418588175214116790112211494103139012937120499888
1477 1955.315809283718388686037137053557914535767322207101
1478 1956.848164578215508554636602269454419186817973638383
1479 1958.314403555120358564964894292547726625044356159427
1480 1958.851883463194813846470426606853579640557761434287
1481 1960.418845269381796764848125217278994247137378526007
1482 1961.359277880014379508300189038765374755431908708054
1483 1962.233571848579798072580395354608789443787816036531
1484 1963.621184573202069079435794086897654358763571217367
1485 1964.357390938095597209784243819103421637549145593719
1486 1965.377829505103857030394317950518157898622478717289
1487 1966.117658574074526474160767348808214092657653604216
1488 1968.471602019420441852810622522661993808192902598926
1489 1969.047617546527828615054755165918580896511321175492
1490 1970.305009517033761407286229164446672363092692029867
1491 1970.855547579945944308915005670342667237376495119189
1492 1971.970312804811386640254919020328234323308088011933
1493 1973.182663405938679691731041872908348646984800431245
1494 1974.347201910120085258704640448224586828619971541216
1495 1975.080610302266993556027659551293514649731728242762
1496 1977.173943698039879018376684178592686974291728587914
1497 1977.271446199746510741696631509750061052206582631992
1498 1978.801448167731529631538650882264689877103962163287
1499 1980.371772287051336927130119231242544660908963775205
1500 1980.910043091024233255044380729759944751091180193406
